  69.58  73.33   0.00   6.39   0.00   0.00   0.00   0.00  37.08 100.00   0.00  27.15  25.90   7.50  39.31   8.12   0.00  63.68   0.00   0.00   0.00   7.50  69.03  40.07   0.00  53.75  34.44  35.56   0.00   0.00   0.00   4.17   0.00   0.00   0.00   0.00   9.38   0.00  67.99  61.74   3.75  34.93   3.89  23.75  10.14  77.92  37.50   3.75   2.50   0.00  38.68   0.00  39.58   0.00   0.00   0.00   0.00   0.00   7.50   0.00   0.00   8.75  63.47  29.86   0.00   1.25   0.00   0.00   0.00   0.00   1.25   0.00   0.00   0.00  41.39   1.25   6.25   0.00   9.38  31.67  53.26  24.44  29.38  11.25  72.71
  19.38  50.09  29.44   8.98  38.19   0.00   0.00   0.00  17.93   6.25   6.25  90.19   0.00   6.25   6.25  42.02  32.92  14.54   0.00   0.00   0.00  42.44  68.81   8.89   8.75  66.80  30.69  41.26   0.00   0.00   0.00  55.68   0.00   7.86   0.00   6.25   6.25   0.00  65.69  26.98  46.18  12.58  29.53  12.50   7.50  66.15  13.89  49.04  10.55   1.56  44.50  39.96  28.85   0.00   6.25   5.00   6.25   6.25  10.98   5.08   0.00   9.03  50.66  54.31   0.00   1.39   6.25   6.25  10.55   8.98   9.77   6.25   6.25   0.00  47.50   1.25   2.64   0.00  13.98  43.69  38.62   6.25  36.60   9.17  72.88
  44.90  42.91   4.44  69.41  35.94   0.00   0.00   0.00  22.29  15.80   0.00  40.58  12.59  42.45  71.50   0.00  15.72  47.96   0.00   0.00  86.32   3.70   0.00  70.57  44.94  70.42  50.14   2.92  27.60   0.00   0.00   0.00   0.00  33.07   0.00   0.00   0.00   0.00  55.58  81.68   1.11  69.13   1.11  51.14   0.00  70.35  55.95   1.11   1.11   1.11  49.00   0.00   5.85   0.00  51.05   0.00   2.34  72.19   4.09   0.00   0.00   0.00  62.29  50.07   0.00   2.92   6.73   8.48  52.54  10.76  70.14   3.33  16.22   0.00  56.52   2.22   0.00   0.00  15.51  35.39  37.28  36.47  16.78  14.62  59.33
  42.47  30.12   3.75  20.00   2.50  72.91   5.00  17.18   8.26   6.08  89.30  66.23   2.64  16.01  78.36   0.00  14.09  48.87   0.00   0.00   0.00  33.28  60.83  19.20   8.33  66.65  31.74  85.88  21.11   0.00   0.00  75.05   0.00  28.52   0.00   0.00   5.00   0.00  73.92  76.21   3.75  84.04   0.00  82.34   0.00  77.12  59.45  10.62  38.24  14.24  68.97  13.61  86.97   0.00   4.63   1.25   4.38   0.00  84.93   2.75   0.00  87.22  13.12  83.28   1.25   0.00   1.25  47.83  25.42  21.32   2.50  75.79  14.88   0.00  76.24   4.06   6.39  20.14  83.81   3.75  36.59  23.96  39.36  24.34   5.64
  40.88  19.44   0.00  31.33   2.50  20.42   2.50  24.58  26.11  74.97   1.25  43.27  10.97  12.18  54.64   5.00   0.00  73.48   0.00   0.00   0.00  19.45  69.90  40.39   6.81  48.22  14.58  75.91   0.00   8.75   0.00  68.80   0.00  11.02   0.00   0.00   5.28   0.00  62.77  85.26   0.00  55.18   0.00  62.22   0.00  78.00  71.82   7.50  25.81  14.76  75.10  26.19  84.52   0.00   1.25   1.25  30.33   9.87  69.02   6.25   0.00  79.76  24.24  62.61   2.50   0.00   0.00  38.05  32.91  18.05  15.08  68.99  26.03   0.00  55.17   2.50  25.37  10.56  70.30   0.00  37.16  11.25  33.84  22.08   6.25
  36.04   6.77   0.00  55.21  34.48   0.00   0.00   0.00   0.00   0.00   3.12  64.93   5.00   7.81  20.00  45.24   0.00  44.93   0.00  67.64   0.00  18.75  27.50  55.69   0.00  72.26  29.48   3.12   0.00   3.12   0.00   0.00   0.00  16.98   0.00   0.00   0.00   0.00  37.85  58.12   8.75  24.17  18.23  24.06  32.81  32.40  74.90   7.50   5.00   0.00  88.33   0.62   9.38   0.00  52.81  12.57  35.38  21.15   5.00   2.50   0.00   2.08  21.01  45.83   0.00   0.00   0.00   8.75   1.25  33.26   3.75  61.88   3.75   0.00  20.62   0.00  76.01   1.25  17.71  23.68  55.00  39.06   9.38  31.67  12.78
  63.37   1.79   7.14  45.51  17.01   8.48   3.57   0.00   0.00   0.00   0.00  79.21   0.00  28.08  70.48   2.50  31.77  12.68   0.00  61.50   0.00   8.12   1.25  33.57   3.75  10.00  34.01  22.14  11.98   0.00   0.00   4.55   0.00  42.60   0.00   7.50   2.50   0.00  63.43  37.06  18.75  73.42   1.25  65.79  68.80  37.17  49.22   6.56   8.75   0.00  59.73   7.41  30.62   0.00  53.31  15.36  34.71   7.50  19.11  12.63   0.00  11.25  12.50  73.83   1.25   8.75   1.25  15.00   5.00  33.19   6.25  77.01  17.14   0.00  40.73   1.25  50.29  14.12  46.23  12.13  56.19  54.50   7.50  44.17  18.93
  47.51   9.93   0.00  69.10  13.05   7.14   0.00   2.50   0.62   0.00   0.00  81.98   0.46  20.96  28.29  38.26   6.56  45.75   0.00  77.77   0.00   9.69   9.31  65.34   2.50  54.26  52.62  24.34  11.84   0.00   0.00  14.44   0.00  49.83   0.00  10.31   3.75   0.00  59.72  56.94  15.42  41.19  17.27  41.83  66.82  44.53  77.80   7.50   9.81   0.00  75.86   2.50   8.31   0.00  67.15  22.28  33.53  11.94   7.50  15.36   0.00   8.75  52.98  74.34   1.25   8.75   5.00  65.09  15.58  63.58   0.00  91.98  27.35   0.00  28.70   1.25  81.36  10.00  23.10  29.64  84.36  74.51   8.75  41.93  36.62
  85.04  85.04   0.00   0.00   0.00   0.00   0.00   0.00   0.00   0.00  98.86  36.40   7.69  20.80  48.82   8.18  11.88  38.74   0.00   0.00  76.45   0.00   0.00  39.02  21.88  61.43  64.72   0.00  14.38   6.25   0.00   0.00   0.00   9.55   0.00   4.17   0.00   0.00  77.61  70.85   1.25  29.85  16.25  38.76   0.00  89.00  42.51  20.00   0.00   0.00  29.52   0.00   5.14   0.00  74.30   0.00  32.08  78.67   4.17   0.00   0.00   0.00   5.42  90.92   0.00   0.00   0.00  41.53  58.91   8.75  29.09  10.00  10.00   0.00  82.75   0.00   0.00   0.00   0.00  53.25  22.63  80.60   1.25  19.09   9.94
  76.85  72.33   0.00   5.00   4.38   0.00   0.00   0.00  84.95  24.17   0.00  84.15   0.00  10.00  75.01   3.75  70.22   1.25   0.00  14.31   0.00  41.61  70.55   2.50   2.50   9.03  55.50  18.75  38.12   5.00   0.00  38.44   0.00  20.23   0.00   1.25   0.00   0.00  71.96   5.00  59.61  46.11  14.03  17.69  48.68  55.20   5.50  53.51   9.63  18.66  10.00  21.25  14.38   0.00  66.01   6.07  40.63  41.84   3.75   3.75   0.00   6.25  29.17  84.40   5.00   5.14   0.00  31.96  15.28  48.03   9.03  45.65  18.12   0.00  44.78   1.25  49.12  14.40   6.25  65.84  37.30  28.10  55.38  38.19  29.58
   1.88   1.25   0.00  43.91   0.00  13.12   0.00  34.38   0.00   0.00   0.00  67.03   5.00  16.25  71.88   0.00  23.12  22.81   0.00   0.00   0.00  27.81  67.66  10.62   0.00  62.22  19.69  75.94   0.00   3.75   0.00  57.50   0.00  30.00   3.75   6.25   0.25   0.00  54.06  65.47   7.50  77.19   0.00  50.94   2.50  65.55  33.44  36.88   9.77   0.00  43.52   5.00  82.81   0.00   8.75   0.62  30.94   7.50  76.56  16.25   0.00  77.34  10.94  66.02   0.00   3.75  22.50  53.05  20.00  22.50  18.75  63.05  21.25   0.00  57.81   0.00   2.50  13.75  70.47   4.38  25.70  56.17  11.88  43.12   3.75
  55.31  55.46   0.00  58.48  15.50   1.49   0.15   0.00  26.67  31.35   4.09  32.05  19.46  42.45  68.31   4.61  35.81   5.13   0.00   0.00  42.86   7.61   3.80  13.72   6.35  62.77  39.99   2.80  14.58   0.19  30.37   0.00   4.95  34.80   0.00   0.00   0.46   0.19  58.21  10.89  45.96  47.02  11.91  18.63   0.00  62.42  20.93  44.12   7.14   0.00  16.06   0.00   0.30   0.00  61.33   2.32   5.24  60.89   0.00   0.72   0.00   0.00  61.94  61.57   0.00   8.76   0.31   8.03  30.36  10.21  57.48   0.59   9.17   0.00  57.36   0.55   0.00   0.32   3.34  47.87  13.97  51.57   5.04  18.89  72.99